1   2   1
2   3   1
3   4   1
5   6   1
6   7   1
7   8   1
1   5   1
2   6   1
3   7   1
4   8   1
9   10   1
10   11   1
11   12   1
13   14   1
14   15   1
15   16   1
9   13   1
10   14   1
11   15   1
12   16   1
1   9   1
2   10   1
3   11   1
4   12   1
5   13   1
6   14   1
7   15   1
8   16   1
2   5   2
3   6   2
4   7   2
10   13   2
11 14   2
12   15  2
1   10   2
2   11   2
3   12   2
5   14   2
6   15   2
7   16   2
5   9   2
6   10   2
7   11   2
8   12   2